640 640 2 495 640 
640 640 3 440 640  
640 640 4 385 640
640 640 5 325 640
640 640 6 270 640
640 640 7 215 640
640 640 8 160 640
640 640 9 105 640
640 640 10 20 640
640 640 11 20 555
640 640 12 20 495

555 640 2 440 640
555 640 3 385 640
555 640 4 325 640
555 640 5 270 640
555 640 6 215 640
555 640 7 160 640
555 640 8 105 640
555 640 9 20 640
555 640 10 20 555
555 640 11 20 495
555 640 12 20 440

495 640 2 385 640
495 640 3 325 640
495 640 4 270 640
495 640 5 215 640
495 640 6 160 640
495 640 7 105 640
495 640 8 20 640
495 640 9 20 555
495 640 10 20 495
495 640 11 20 440
495 640 12 20 385

440 640 2 325 640
440 640 3 270 640
440 640 4 215 640
440 640 5 160 640
440 640 6 105 640
440 640 7 20 640
440 640 8 20 555
440 640 9 20 495
440 640 10 20 440
440 640 11 20 385
440 640 12 20 325

385 640 2 270 640
385 640 3 215 640
385 640 4 160 640
385 640 5 105 640
385 640 6 20 640
385 640 7 20 555
385 640 8 20 495
385 640 9 20 440
385 640 10 20 385
385 640 11 20 325
385 640 12 20 270

325 640 2 215 640
325 640 3 160 640
325 640 4 105 640
325 640 5 20 640
325 640 6 20 555
325 640 7 20 495
325 640 8 20 440
325 640 9 20 385
325 640 10 20 325
325 640 11 20 270
325 640 12 20 215

270 640 2 160 640
270 640 3 105 640
270 640 4 20 640
270 640 5 20 555
270 640 6 20 495
270 640 7 20 440
270 640 8 20 385
270 640 9 20 325
270 640 10 20 270
270 640 11 20 215
270 640 12 20 160

215 640 2 105 640
215 640 3 20 640
215 640 4 20 555
215 640 5 20 495
215 640 6 20 440
215 640 7 20 385
215 640 8 20 325
215 640 9 20 270
215 640 10 20 215
215 640 11 20 160
215 640 12 20 105

160 640 2 20 640
160 640 3 20 555
160 640 4 20 495
160 640 5 20 440
160 640 6 20 385
160 640 7 20 325
160 640 8 20 270
160 640 9 20 215
160 640 10 20 160
160 640 11 20 105
160 640 12 20 20

105 640 2 20 555
105 640 3 20 495
105 640 4 20 440
105 640 5 20 385
105 640 6 20 325
105 640 7 20 270
105 640 8 20 215
105 640 9 20 160
105 640 10 20 105
105 640 11 20 20
105 640 12 105 20

20 640 2 20 495
20 640 3 20 440
20 640 4 20 385
20 640 5 20 325
20 640 6 20 270
20 640 7 20 215
20 640 8 20 160
20 640 9 20 105
20 640 10 20 20
20 640 11 105 20
20 640 12 160 20

20 555 2 20 440
20 555 3 20 385
20 555 4 20 325
20 555 5 20 270
20 555 6 20 215
20 555 7 20 160
20 555 8 20 105
20 555 9 20 20
20 555 10 105 20
20 555 11 160 20
20 555 12 215 20

20 495 2 20 385
20 495 3 20 325
20 495 4 20 270
20 495 5 20 215
20 495 6 20 160
20 495 7 20 105
20 495 8 20 20
20 495 9 105 20
20 495 10 160 20
20 495 11 215 20
20 495 12 270 20

20 440 2 20 325
20 440 3 20 270
20 440 4 20 215
20 440 5 20 160
20 440 6 20 105
20 440 7 20 20
20 440 8 105 20
20 440 9 160 20
20 440 10 215 20
20 440 11 270 20
20 440 12 325 20

20 385 2 20 270
20 385 3 20 215
20 385 4 20 160
20 385 5 20 105
20 385 6 20 20
20 385 7 105 20
20 385 8 160 20
20 385 9 215 20
20 385 10 270 20
20 385 11 325 20
20 385 12 385 20

20 325 2 20 215
20 325 3 20 160
20 325 4 20 105
20 325 5 20 20
20 325 6 105 20
20 325 7 160 20
20 325 8 215 20
20 325 9 270 20
20 325 10 325 20
20 325 11 385 20
20 325 12 440 20

20 270 2 20 160
20 270 3 20 105
20 270 4 20 20
20 270 5 105 20
20 270 6 160 20
20 270 7 215 20
20 270 8 270 20
20 270 9 325 20
20 270 10 385 20
20 270 11 440 20
20 270 12 495 20

20 215 2 20 105
20 215 3 20 20
20 215 4 105 20
20 215 5 160 20
20 215 6 215 20
20 215 7 270 20
20 215 8 325 20
20 215 9 385 20
20 215 10 440 20
20 215 11 495 20
20 215 12 555 20

20 160 2 20 20
20 160 3 105 20
20 160 4 160 20
20 160 5 215 20
20 160 6 270 20
20 160 7 325 20
20 160 8 385 20
20 160 9 440 20
20 160 10 495 20
20 160 11 555 20
20 160 12 20 640

20 105 2 105 20
20 105 3 160 20
20 105 4 215 20
20 105 5 270 20
20 105 6 325 20
20 105 7 385 20
20 105 8 440 20
20 105 9 495 20
20 105 10 555 20
20 105 11 20 640
20 105 12 640 105

20 20 2 160 20
20 20 3 215 20
20 20 4 270 20
20 20 5 325 20
20 20 6 385 20
20 20 7 440 20
20 20 8 495 20
20 20 9 555 20
20 20 10 20 640
20 20 11 640 105
20 20 12 640 160